frame 360 VMatrix:
0.976830414454 0.009818763389999999 0.213789460716 -0.144038 
-0.012442736034 0.999862831574 0.01093143898 1.394049 
-0.21365280233999998 -0.013338287883999999 0.9768185964439999 0.061985 
0 0 0 1 
frame 364 VMatrix:
0.9774815426219999 0.009205720506 0.210820035246 -0.143148 
-0.011397025014 0.999892898078 0.009181513378 1.394269 
-0.210712933566 -0.011377481138 0.9774817702999999 0.062166 
0 0 0 1 
frame 368 VMatrix:
0.978293533868 0.007261055968000002 0.20709673964 -0.142345 
-0.009363774968000001 0.999914066918 0.00917488859 1.394255 
-0.20701232383999998 -0.01091494061 0.97827745695 0.06213 
0 0 0 1 
frame 372 VMatrix:
0.979307311398 0.0066171127019999994 0.20227055183 -0.14107 
-0.008607321802 0.9999228013979999 0.008961314250000001 1.394048 
-0.20219563875 -0.010516889330000001 0.9792886659 0.062337 
0 0 0 1 
frame 376 VMatrix:
0.980601412812 0.005947991972 0.195922113516 -0.139382 
-0.0077330277719999995 0.99993525975 0.008347247253999998 1.393959 
-0.19585978008399998 -0.009700394154 0.9805839244379999 0.062477 
0 0 0 1 
frame 380 VMatrix:
0.981764015 0.0045658574 0.19004876489999997 -0.137632 
-0.0061846894 0.9999494648 0.007925740079999999 1.393991 
-0.19000297289999998 -0.00895660008 0.9817426398 0.062601 
0 0 0 1 
frame 384 VMatrix:
0.98267605598 0.00692682922 0.18520209332 -0.136452 
-0.008314626904 0.9999428674199999 0.006717809571999999 1.393938 
-0.18514497917199998 -0.0081413158 0.982677507116 0.062781 
0 0 0 1 
frame 388 VMatrix:
0.98374990428 0.005445114172 0.17946157323599998 -0.135141 
-0.006872436756 0.9999495000299999 0.007332594338 1.393607 
-0.179412583588 -0.008446777986 0.983737646166 0.062892 
0 0 0 1 
frame 392 VMatrix:
0.98462090862 0.004298003328 0.174651653224 -0.133735 
-0.006392463831999999 0.99991422567 0.011431436706 1.39291 
-0.17458754025599998 -0.012372085774 0.9845639282459999 0.063214 
0 0 0 1 
frame 396 VMatrix:
0.985214051576 0.006097694344 0.171219387724 -0.132548 
-0.008344308056 0.99988824236 0.012404645212000001 1.39235 
-0.17112461287599998 -0.013649938588000001 0.9851548274399999 0.063227 
0 0 0 1 
frame 400 VMatrix:
0.986076577414 0.00622161009 0.16617547457999998 -0.131476 
-0.00823553937 0.9999007265419999 0.011432980668 1.392458 
-0.16608784626 -0.012642338532 0.986029924472 0.063286 
0 0 0 1 
frame 404 VMatrix:
0.98695618334 0.0049519898819999995 0.16091289271399997 -0.129963 
-0.006964722701999999 0.999904381308 0.011946581046 1.392575 
-0.160838347054 -0.012911466114 0.986896301132 0.06342 
0 0 0 1 
frame 408 VMatrix:
0.98799667246 0.005430937122 0.154379624946 -0.128421 
-0.00745394193 0.9998937349660001 0.012528264978 1.392206 
-0.15429517953 -0.01352862135 0.98793216487 0.063403 
0 0 0 1 
frame 412 VMatrix:
0.988817011742 0.005631139242 0.149027544752 -0.126955 
-0.007838673642 0.999868026654 0.014229704448 1.39192 
-0.14892774764800001 -0.015238752048 0.9887306549120001 0.063385 
0 0 0 1 
frame 416 VMatrix:
0.989835280716 0.0051258482380000005 0.14212610171 -0.125255 
-0.007445658650000001 0.9998475255 0.01579517995 1.391635 
-0.14202346733800003 -0.016692849434000002 0.98972252142 0.063275 
0 0 0 1 
frame 420 VMatrix:
0.990672158808 0.005524498356 0.13615484258000002 -0.123469 
-0.007899570556000001 0.999825812958 0.01690976919 1.391265 
-0.13603770810000002 -0.01782760295 0.99054323775 0.06322 
0 0 0 1 
frame 424 VMatrix:
0.991622824966 0.0036197767079999997 0.129116559978 -0.121465 
-0.0060434995319999995 0.9998127211960001 0.018384749172 1.391134 
-0.12902583058199998 -0.019011052188 0.991458991126 0.063227 
0 0 0 1 
frame 428 VMatrix:
0.992481188598 0.0018747713459999998 0.12238293093000001 -0.119805 
-0.0042174662459999995 0.999812746598 0.018886102689999996 1.391022 
-0.12232460721 -0.019260247369999997 0.9923032499 0.063118 
0 0 0 1 
frame 432 VMatrix:
0.99334498623 0.000982744418 0.11517280792400002 -0.117965 
-0.0034216625300000003 0.999774032414 0.020980382332000003 1.390856 
-0.11512616426000001 -0.02123484002 0.9931238850799999 0.06319 
0 0 0 1 
frame 436 VMatrix:
0.994072437758 -0.00022175692000000005 0.10871959826000001 -0.116088 
-0.00189918652 0.999809912 0.019404466840000002 1.391137 
-0.10870323506 -0.01949592436 0.993883055358 0.063056 
0 0 0 1 